STANDARD (40x25)
[
  0 0 0 0 0 0 0 0 0 0 0 0 0 0 0 0 0 0 0 0 0 0 0 0 0 0 0 0 0 0 0 0 0 0 0 0 0 0 0 0
  0 0 0 0 0 0 0 0 0 0 0 0 0 0 0 0 0 0 0 0 0 0 0 0 0 0 0 0 0 0 0 0 0 0 0 0 0 0 0 0
  0 0 0 0 0 0 0 0 0 0 0 0 0 0 0 0 0 0 0 0 0 0 0 0 1 0 0 0 0 0 0 0 0 0 0 0 0 0 0 0
  0 0 0 0 0 0 0 0 0 0 0 0 0 0 0 0 0 0 0 0 0 0 0 1 2 1 0 0 0 0 0 0 0 1 0 0 0 0 0 0
  0 0 0 0 0 0 0 0 0 0 0 0 0 0 0 0 0 0 0 0 0 0 0 1 2 2 1 0 0 0 0 0 1 2 1 0 0 0 0 0
  0 0 0 0 0 0 0 0 0 0 0 0 0 0 0 0 0 0 0 0 0 0 0 1 2 2 2 1 0 0 1 1 2 2 1 0 0 0 0 0
  0 0 0 0 0 0 0 0 0 0 0 0 0 0 0 0 0 0 0 0 0 0 0 1 2 2 2 2 1 1 2 2 2 2 1 0 0 0 0 0
  0 0 0 0 0 0 0 1 1 1 1 1 1 1 1 1 0 0 0 0 0 0 0 0 1 2 2 2 2 2 2 2 2 1 0 0 0 0 0 0
  0 0 0 0 0 0 1 2 2 2 2 2 2 2 2 2 1 1 0 0 0 0 0 0 0 1 2 2 2 2 2 2 2 1 0 0 0 0 0 0
  0 0 0 0 0 1 2 2 2 2 2 2 2 2 2 2 2 2 1 1 0 0 0 0 0 1 2 2 2 2 2 1 1 0 0 0 0 0 0 0
  0 0 0 0 1 2 2 2 2 2 2 2 2 2 2 2 2 2 2 2 1 1 0 0 0 0 1 2 2 2 1 0 0 0 0 0 0 0 0 0
  0 0 0 1 1 2 2 2 2 2 2 2 2 2 2 2 2 2 2 2 2 2 1 0 0 1 2 2 2 2 1 0 0 0 0 0 0 0 0 0
  0 0 0 1 2 2 2 2 2 2 2 2 2 2 2 2 2 2 2 2 2 2 2 1 1 2 2 2 2 2 1 0 0 0 0 0 0 0 0 0
  0 0 0 1 2 2 2 1 2 2 2 2 2 2 1 2 2 2 2 2 2 2 2 2 2 2 2 2 2 2 1 0 0 0 0 0 0 0 0 0
  0 0 0 1 2 2 2 1 2 2 2 2 2 2 1 2 2 2 2 2 2 2 2 2 2 2 2 2 2 1 0 0 0 0 0 0 0 0 0 0
  0 0 0 1 2 2 2 2 2 2 2 2 2 2 2 2 2 2 2 2 2 2 2 2 2 2 2 2 2 1 0 0 0 0 0 0 0 0 0 0
  0 0 0 1 2 2 2 2 4 4 4 4 4 4 4 2 2 2 2 2 2 2 2 1 2 2 2 2 1 0 0 0 0 0 0 0 0 0 0 0
  0 0 0 1 1 2 4 4 4 4 4 4 4 4 4 4 4 4 2 2 2 2 2 2 1 2 2 2 1 0 0 0 0 0 0 0 0 0 0 0
  0 0 0 0 1 3 3 4 4 4 4 4 4 4 4 4 4 4 4 1 2 2 2 2 1 1 2 1 0 0 0 0 0 0 0 0 0 0 0 0
  0 0 0 0 0 1 3 3 3 4 4 4 4 4 4 4 4 4 4 1 2 2 2 2 2 1 1 0 0 0 0 0 0 0 0 0 0 0 0 0
  0 0 0 0 0 0 1 1 3 3 3 4 4 4 4 4 4 3 3 3 1 2 2 2 2 2 1 1 0 0 0 0 0 0 0 0 0 0 0 0
  0 0 0 0 0 0 0 0 1 3 3 3 3 3 3 3 3 3 3 3 1 1 2 2 2 2 2 2 1 0 0 0 0 0 0 0 0 0 0 0
  0 0 0 0 0 0 0 0 0 1 1 1 1 1 1 1 1 1 1 1 0 0 1 1 1 1 1 1 1 0 0 0 0 0 0 0 0 0 0 0
  0 0 0 0 0 0 0 0 0 0 0 0 0 0 0 0 0 0 0 0 0 0 0 0 0 0 0 0 0 0 0 0 0 0 0 0 0 0 0 0
  0 0 0 0 0 0 0 0 0 0 0 0 0 0 0 0 0 0 0 0 0 0 0 0 0 0 0 0 0 0 0 0 0 0 0 0 0 0 0 0
]

BLINK (40x25)
[
  0 0 0 0 0 0 0 0 0 0 0 0 0 0 0 0 0 0 0 0 0 0 0 0 0 0 0 0 0 0 0 0 0 0 0 0 0 0 0 0
  0 0 0 0 0 0 0 0 0 0 0 0 0 0 0 0 0 0 0 0 0 0 0 0 0 0 0 0 0 0 0 0 0 0 0 0 0 0 0 0
  0 0 0 0 0 0 0 0 0 0 0 0 0 0 0 0 0 0 0 0 0 0 0 0 1 0 0 0 0 0 0 0 0 0 0 0 0 0 0 0
  0 0 0 0 0 0 0 0 0 0 0 0 0 0 0 0 0 0 0 0 0 0 0 1 2 1 0 0 0 0 0 0 0 1 0 0 0 0 0 0
  0 0 0 0 0 0 0 0 0 0 0 0 0 0 0 0 0 0 0 0 0 0 0 1 2 2 1 0 0 0 0 0 1 2 1 0 0 0 0 0
  0 0 0 0 0 0 0 0 0 0 0 0 0 0 0 0 0 0 0 0 0 0 0 1 2 2 2 1 0 0 1 1 2 2 1 0 0 0 0 0
  0 0 0 0 0 0 0 0 0 0 0 0 0 0 0 0 0 0 0 0 0 0 0 1 2 2 2 2 1 1 2 2 2 2 1 0 0 0 0 0
  0 0 0 0 0 0 0 1 1 1 1 1 1 1 1 1 0 0 0 0 0 0 0 0 1 2 2 2 2 2 2 2 2 1 0 0 0 0 0 0
  0 0 0 0 0 0 1 2 2 2 2 2 2 2 2 2 1 1 0 0 0 0 0 0 0 1 2 2 2 2 2 2 2 1 0 0 0 0 0 0
  0 0 0 0 0 1 2 2 2 2 2 2 2 2 2 2 2 2 1 1 0 0 0 0 0 1 2 2 2 2 2 1 1 0 0 0 0 0 0 0
  0 0 0 0 1 2 2 2 2 2 2 2 2 2 2 2 2 2 2 2 1 1 0 0 0 0 1 2 2 2 1 0 0 0 0 0 0 0 0 0
  0 0 0 1 1 2 2 2 2 2 2 2 2 2 2 2 2 2 2 2 2 2 1 0 0 1 2 2 2 2 1 0 0 0 0 0 0 0 0 0
  0 0 0 1 2 2 2 2 2 2 2 2 2 2 2 2 2 2 2 2 2 2 2 1 1 2 2 2 2 2 1 0 0 0 0 0 0 0 0 0
  0 0 0 1 2 2 2 1 2 2 2 2 2 2 1 2 2 2 2 2 2 2 2 2 2 2 2 2 2 2 1 0 0 0 0 0 0 0 0 0
  0 0 0 1 2 2 2 2 2 2 2 2 2 2 2 2 2 2 2 2 2 2 2 2 2 2 2 2 2 1 0 0 0 0 0 0 0 0 0 0
  0 0 0 1 2 2 2 2 2 2 2 2 2 2 2 2 2 2 2 2 2 2 2 2 2 2 2 2 2 1 0 0 0 0 0 0 0 0 0 0
  0 0 0 1 2 2 2 2 4 4 4 4 4 4 4 2 2 2 2 2 2 2 2 1 2 2 2 2 1 0 0 0 0 0 0 0 0 0 0 0
  0 0 0 1 1 2 4 4 4 4 4 4 4 4 4 4 4 4 2 2 2 2 2 2 1 2 2 2 1 0 0 0 0 0 0 0 0 0 0 0
  0 0 0 0 1 3 3 4 4 4 4 4 4 4 4 4 4 4 4 1 2 2 2 2 1 1 2 1 0 0 0 0 0 0 0 0 0 0 0 0
  0 0 0 0 0 1 3 3 3 4 4 4 4 4 4 4 4 4 4 1 2 2 2 2 2 1 1 0 0 0 0 0 0 0 0 0 0 0 0 0
  0 0 0 0 0 0 1 1 3 3 3 4 4 4 4 4 4 3 3 3 1 2 2 2 2 2 1 1 0 0 0 0 0 0 0 0 0 0 0 0
  0 0 0 0 0 0 0 0 1 3 3 3 3 3 3 3 3 3 3 3 1 1 2 2 2 2 2 2 1 0 0 0 0 0 0 0 0 0 0 0
  0 0 0 0 0 0 0 0 0 1 1 1 1 1 1 1 1 1 1 1 0 0 1 1 1 1 1 1 1 0 0 0 0 0 0 0 0 0 0 0
  0 0 0 0 0 0 0 0 0 0 0 0 0 0 0 0 0 0 0 0 0 0 0 0 0 0 0 0 0 0 0 0 0 0 0 0 0 0 0 0
  0 0 0 0 0 0 0 0 0 0 0 0 0 0 0 0 0 0 0 0 0 0 0 0 0 0 0 0 0 0 0 0 0 0 0 0 0 0 0 0
]

FIN_1 (40x25)
[
  0 0 0 0 0 0 0 0 0 0 0 0 0 0 0 0 0 0 0 0 0 0 0 0 0 0 0 0 0 0 0 0 0 0 0 0 0 0 0 0
  0 0 0 0 0 0 0 0 0 0 0 0 0 0 0 0 0 0 0 0 0 0 0 0 0 0 0 0 0 0 0 0 0 0 0 0 0 0 0 0
  0 0 0 0 0 0 0 0 0 0 0 0 0 0 0 0 0 0 0 0 0 0 0 0 1 0 0 0 0 0 0 0 0 0 0 0 0 0 0 0
  0 0 0 0 0 0 0 0 0 0 0 0 0 0 0 0 0 0 0 0 0 0 0 1 2 1 0 0 0 0 0 0 0 1 0 0 0 0 0 0
  0 0 0 0 0 0 0 0 0 0 0 0 0 0 0 0 0 0 0 0 0 0 0 1 2 2 1 0 0 0 0 0 1 2 1 0 0 0 0 0
  0 0 0 0 0 0 0 0 0 0 0 0 0 0 0 0 0 0 0 0 0 0 0 1 2 2 2 1 0 0 1 1 2 2 1 0 0 0 0 0
  0 0 0 0 0 0 0 0 0 0 0 0 0 0 0 0 0 0 0 0 0 0 0 1 2 2 2 2 1 1 2 2 2 2 1 0 0 0 0 0
  0 0 0 0 0 0 0 1 1 1 1 1 1 1 1 1 0 0 0 0 0 0 0 0 1 2 2 2 2 2 2 2 2 1 0 0 0 0 0 0
  0 0 0 0 0 0 1 2 2 2 2 2 2 2 2 2 1 1 0 0 0 0 0 0 0 1 2 2 2 2 2 2 2 1 0 0 0 0 0 0
  0 0 0 0 0 1 2 2 2 2 2 2 2 2 2 2 2 2 1 1 0 0 0 0 0 1 2 2 2 2 2 1 1 0 0 0 0 0 0 0
  0 0 0 0 1 2 2 2 2 2 2 2 2 2 2 2 2 2 2 2 1 1 0 0 0 0 1 2 2 2 1 0 0 0 0 0 0 0 0 0
  0 0 0 1 1 2 2 2 2 2 2 2 2 2 2 2 2 2 2 2 2 2 1 0 0 1 2 2 2 2 1 0 0 0 0 0 0 0 0 0
  0 0 0 1 2 2 2 2 2 2 2 2 2 2 2 2 2 2 2 2 2 2 2 1 1 2 2 2 2 2 1 0 0 0 0 0 0 0 0 0
  0 0 0 1 2 2 2 1 2 2 2 2 2 2 1 2 2 2 2 2 2 2 2 2 2 2 2 2 2 2 1 0 0 0 0 0 0 0 0 0
  0 0 0 1 2 2 2 1 2 2 2 2 2 2 1 2 2 2 2 2 2 2 2 2 2 2 2 2 2 1 0 0 0 0 0 0 0 0 0 0
  0 0 0 1 2 2 2 2 2 2 2 2 2 2 2 2 2 2 2 2 2 2 2 2 2 2 2 2 2 1 0 0 0 0 0 0 0 0 0 0
  0 0 0 1 2 2 2 2 4 4 4 4 4 4 4 2 2 2 2 2 2 2 2 1 2 2 2 2 1 0 0 0 0 0 0 0 0 0 0 0
  0 0 0 1 1 2 4 4 4 4 4 4 4 4 4 4 4 4 2 2 2 2 2 2 1 2 2 2 1 0 0 0 0 0 0 0 0 0 0 0
  0 0 0 0 1 3 3 4 4 4 4 4 4 4 4 4 4 4 4 1 2 2 2 2 2 1 2 1 0 0 0 0 0 0 0 0 0 0 0 0
  0 0 0 0 0 1 3 3 3 4 4 4 4 4 4 4 4 4 4 1 2 2 2 2 2 2 1 0 0 0 0 0 0 0 0 0 0 0 0 0
  0 0 0 0 0 0 1 1 3 3 3 4 4 4 4 4 4 3 3 3 1 2 2 2 2 2 2 1 1 0 0 0 0 0 0 0 0 0 0 0
  0 0 0 0 0 0 0 0 1 3 3 3 3 3 3 3 3 3 3 3 3 1 1 2 2 2 2 2 2 1 0 0 0 0 0 0 0 0 0 0
  0 0 0 0 0 0 0 0 0 1 1 1 1 1 1 1 1 1 1 1 1 0 0 1 1 1 1 1 1 0 0 0 0 0 0 0 0 0 0 0
  0 0 0 0 0 0 0 0 0 0 0 0 0 0 0 0 0 0 0 0 0 0 0 0 0 0 0 0 0 0 0 0 0 0 0 0 0 0 0 0
  0 0 0 0 0 0 0 0 0 0 0 0 0 0 0 0 0 0 0 0 0 0 0 0 0 0 0 0 0 0 0 0 0 0 0 0 0 0 0 0
]

FIN_2 (40x25)
[
  0 0 0 0 0 0 0 0 0 0 0 0 0 0 0 0 0 0 0 0 0 0 0 0 0 0 0 0 0 0 0 0 0 0 0 0 0 0 0 0
  0 0 0 0 0 0 0 0 0 0 0 0 0 0 0 0 0 0 0 0 0 0 0 0 0 0 0 0 0 0 0 0 0 0 0 0 0 0 0 0
  0 0 0 0 0 0 0 0 0 0 0 0 0 0 0 0 0 0 0 0 0 0 0 0 1 0 0 0 0 0 0 0 0 0 0 0 0 0 0 0
  0 0 0 0 0 0 0 0 0 0 0 0 0 0 0 0 0 0 0 0 0 0 0 1 2 1 0 0 0 0 0 0 0 1 0 0 0 0 0 0
  0 0 0 0 0 0 0 0 0 0 0 0 0 0 0 0 0 0 0 0 0 0 0 1 2 2 1 0 0 0 0 0 1 2 1 0 0 0 0 0
  0 0 0 0 0 0 0 0 0 0 0 0 0 0 0 0 0 0 0 0 0 0 0 1 2 2 2 1 0 0 1 1 2 2 1 0 0 0 0 0
  0 0 0 0 0 0 0 0 0 0 0 0 0 0 0 0 0 0 0 0 0 0 0 1 2 2 2 2 1 1 2 2 2 2 1 0 0 0 0 0
  0 0 0 0 0 0 0 1 1 1 1 1 1 1 1 1 0 0 0 0 0 0 0 0 1 2 2 2 2 2 2 2 2 1 0 0 0 0 0 0
  0 0 0 0 0 0 1 2 2 2 2 2 2 2 2 2 1 1 0 0 0 0 0 0 0 1 2 2 2 2 2 2 2 1 0 0 0 0 0 0
  0 0 0 0 0 1 2 2 2 2 2 2 2 2 2 2 2 2 1 1 0 0 0 0 0 1 2 2 2 2 2 1 1 0 0 0 0 0 0 0
  0 0 0 0 1 2 2 2 2 2 2 2 2 2 2 2 2 2 2 2 1 1 0 0 0 0 1 2 2 2 1 0 0 0 0 0 0 0 0 0
  0 0 0 1 1 2 2 2 2 2 2 2 2 2 2 2 2 2 2 2 2 2 1 0 0 1 2 2 2 2 1 0 0 0 0 0 0 0 0 0
  0 0 0 1 2 2 2 2 2 2 2 2 2 2 2 2 2 2 2 2 2 2 2 1 1 2 2 2 2 2 1 0 0 0 0 0 0 0 0 0
  0 0 0 1 2 2 2 1 2 2 2 2 2 2 1 2 2 2 2 2 2 2 2 2 2 2 2 2 2 2 1 0 0 0 0 0 0 0 0 0
  0 0 0 1 2 2 2 1 2 2 2 2 2 2 1 2 2 2 2 2 2 2 2 2 2 2 2 2 2 1 0 0 0 0 0 0 0 0 0 0
  0 0 0 1 2 2 2 2 2 2 2 2 2 2 2 2 2 2 2 2 2 2 2 2 2 2 2 2 2 1 0 0 0 0 0 0 0 0 0 0
  0 0 0 1 2 2 2 2 4 4 4 4 4 4 4 2 2 2 2 2 2 2 2 1 2 2 2 2 1 0 0 0 0 0 0 0 0 0 0 0
  0 0 0 1 1 2 4 4 4 4 4 4 4 4 4 4 4 4 2 2 2 2 2 2 1 1 2 2 1 0 0 0 0 0 0 0 0 0 0 0
  0 0 0 0 1 3 3 4 4 4 4 4 4 4 4 4 4 4 4 1 2 2 2 2 2 2 1 1 0 0 0 0 0 0 0 0 0 0 0 0
  0 0 0 0 0 1 3 3 3 4 4 4 4 4 4 4 4 4 4 1 2 2 2 2 2 2 2 2 1 1 0 0 0 0 0 0 0 0 0 0
  0 0 0 0 0 0 1 1 3 3 3 4 4 4 4 4 4 3 3 3 1 2 2 2 2 2 2 2 2 2 1 0 0 0 0 0 0 0 0 0
  0 0 0 0 0 0 0 0 1 3 3 3 3 3 3 3 3 3 3 3 3 1 1 1 2 2 2 2 2 1 0 0 0 0 0 0 0 0 0 0
  0 0 0 0 0 0 0 0 0 1 1 1 1 1 1 1 1 1 1 1 1 0 0 0 1 1 1 1 1 0 0 0 0 0 0 0 0 0 0 0
  0 0 0 0 0 0 0 0 0 0 0 0 0 0 0 0 0 0 0 0 0 0 0 0 0 0 0 0 0 0 0 0 0 0 0 0 0 0 0 0
  0 0 0 0 0 0 0 0 0 0 0 0 0 0 0 0 0 0 0 0 0 0 0 0 0 0 0 0 0 0 0 0 0 0 0 0 0 0 0 0
]

SPOUT_1 (40x25)
[
  0 0 0 0 0 0 0 0 0 0 0 0 0 0 0 0 0 0 0 0 0 0 0 0 0 0 0 0 0 0 0 0 0 0 0 0 0 0 0 0
  0 0 0 0 0 0 0 0 0 0 0 0 0 0 0 0 0 0 0 0 0 0 0 0 0 0 0 0 0 0 0 0 0 0 0 0 0 0 0 0
  0 0 0 0 0 0 0 0 0 0 0 0 0 0 0 0 0 0 0 0 0 0 0 0 1 0 0 0 0 0 0 0 0 0 0 0 0 0 0 0
  0 0 0 0 0 0 0 0 0 0 0 0 0 0 0 0 0 0 0 0 0 0 0 1 2 1 0 0 0 0 0 0 0 1 0 0 0 0 0 0
  0 0 0 0 0 0 0 0 0 0 0 0 0 0 0 0 0 0 0 0 0 0 0 1 2 2 1 0 0 0 0 0 1 2 1 0 0 0 0 0
  0 0 0 0 0 0 0 0 0 0 3 3 3 0 0 0 0 0 0 0 0 0 0 1 2 2 2 1 0 0 1 1 2 2 1 0 0 0 0 0
  0 0 0 0 0 0 0 0 0 0 0 3 0 0 0 0 0 0 0 0 0 0 0 1 2 2 2 2 1 1 2 2 2 2 1 0 0 0 0 0
  0 0 0 0 0 0 0 1 1 1 1 1 1 1 1 1 0 0 0 0 0 0 0 0 1 2 2 2 2 2 2 2 2 1 0 0 0 0 0 0
  0 0 0 0 0 0 1 2 2 2 2 2 2 2 2 2 1 1 0 0 0 0 0 0 0 1 2 2 2 2 2 2 2 1 0 0 0 0 0 0
  0 0 0 0 0 1 2 2 2 2 2 2 2 2 2 2 2 2 1 1 0 0 0 0 0 1 2 2 2 2 2 1 1 0 0 0 0 0 0 0
  0 0 0 0 1 2 2 2 2 2 2 2 2 2 2 2 2 2 2 2 1 1 0 0 0 0 1 2 2 2 1 0 0 0 0 0 0 0 0 0
  0 0 0 1 1 2 2 2 2 2 2 2 2 2 2 2 2 2 2 2 2 2 1 0 0 1 2 2 2 2 1 0 0 0 0 0 0 0 0 0
  0 0 0 1 2 2 2 2 2 2 2 2 2 2 2 2 2 2 2 2 2 2 2 1 1 2 2 2 2 2 1 0 0 0 0 0 0 0 0 0
  0 0 0 1 2 2 2 1 2 2 2 2 2 2 1 2 2 2 2 2 2 2 2 2 2 2 2 2 2 2 1 0 0 0 0 0 0 0 0 0
  0 0 0 1 2 2 2 1 2 2 2 2 2 2 1 2 2 2 2 2 2 2 2 2 2 2 2 2 2 1 0 0 0 0 0 0 0 0 0 0
  0 0 0 1 2 2 2 2 2 2 2 2 2 2 2 2 2 2 2 2 2 2 2 2 2 2 2 2 2 1 0 0 0 0 0 0 0 0 0 0
  0 0 0 1 2 2 2 2 4 4 4 4 4 4 4 2 2 2 2 2 2 2 2 1 2 2 2 2 1 0 0 0 0 0 0 0 0 0 0 0
  0 0 0 1 1 2 4 4 4 4 4 4 4 4 4 4 4 4 2 2 2 2 2 2 1 2 2 2 1 0 0 0 0 0 0 0 0 0 0 0
  0 0 0 0 1 3 3 4 4 4 4 4 4 4 4 4 4 4 4 1 2 2 2 2 1 1 2 1 0 0 0 0 0 0 0 0 0 0 0 0
  0 0 0 0 0 1 3 3 3 4 4 4 4 4 4 4 4 4 4 1 2 2 2 2 2 1 1 0 0 0 0 0 0 0 0 0 0 0 0 0
  0 0 0 0 0 0 1 1 3 3 3 4 4 4 4 4 4 3 3 3 1 2 2 2 2 2 1 1 0 0 0 0 0 0 0 0 0 0 0 0
  0 0 0 0 0 0 0 0 1 3 3 3 3 3 3 3 3 3 3 3 1 1 2 2 2 2 2 2 1 0 0 0 0 0 0 0 0 0 0 0
  0 0 0 0 0 0 0 0 0 1 1 1 1 1 1 1 1 1 1 1 0 0 1 1 1 1 1 1 1 0 0 0 0 0 0 0 0 0 0 0
  0 0 0 0 0 0 0 0 0 0 0 0 0 0 0 0 0 0 0 0 0 0 0 0 0 0 0 0 0 0 0 0 0 0 0 0 0 0 0 0
  0 0 0 0 0 0 0 0 0 0 0 0 0 0 0 0 0 0 0 0 0 0 0 0 0 0 0 0 0 0 0 0 0 0 0 0 0 0 0 0
]

SPOUT_2 (40x25)
[
  0 0 0 0 0 0 0 0 0 0 0 0 0 0 0 0 0 0 0 0 0 0 0 0 0 0 0 0 0 0 0 0 0 0 0 0 0 0 0 0
  0 0 0 0 0 0 0 0 0 0 0 0 0 0 0 0 0 0 0 0 0 0 0 0 0 0 0 0 0 0 0 0 0 0 0 0 0 0 0 0
  0 0 0 0 0 0 0 0 0 0 0 0 0 0 0 0 0 0 0 0 0 0 0 0 1 0 0 0 0 0 0 0 0 0 0 0 0 0 0 0
  0 0 0 0 0 0 0 0 0 0 0 3 0 0 0 0 0 0 0 0 0 0 0 1 2 1 0 0 0 0 0 0 0 1 0 0 0 0 0 0
  0 0 0 0 0 0 0 0 0 3 3 3 3 3 0 0 0 0 0 0 0 0 0 1 2 2 1 0 0 0 0 0 1 2 1 0 0 0 0 0
  0 0 0 0 0 0 0 0 0 0 3 3 3 0 0 0 0 0 0 0 0 0 0 1 2 2 2 1 0 0 1 1 2 2 1 0 0 0 0 0
  0 0 0 0 0 0 0 0 0 0 0 3 0 0 0 0 0 0 0 0 0 0 0 1 2 2 2 2 1 1 2 2 2 2 1 0 0 0 0 0
  0 0 0 0 0 0 0 1 1 1 1 1 1 1 1 1 0 0 0 0 0 0 0 0 1 2 2 2 2 2 2 2 2 1 0 0 0 0 0 0
  0 0 0 0 0 0 1 2 2 2 2 2 2 2 2 2 1 1 0 0 0 0 0 0 0 1 2 2 2 2 2 2 2 1 0 0 0 0 0 0
  0 0 0 0 0 1 2 2 2 2 2 2 2 2 2 2 2 2 1 1 0 0 0 0 0 1 2 2 2 2 2 1 1 0 0 0 0 0 0 0
  0 0 0 0 1 2 2 2 2 2 2 2 2 2 2 2 2 2 2 2 1 1 0 0 0 0 1 2 2 2 1 0 0 0 0 0 0 0 0 0
  0 0 0 1 1 2 2 2 2 2 2 2 2 2 2 2 2 2 2 2 2 2 1 0 0 1 2 2 2 2 1 0 0 0 0 0 0 0 0 0
  0 0 0 1 2 2 2 2 2 2 2 2 2 2 2 2 2 2 2 2 2 2 2 1 1 2 2 2 2 2 1 0 0 0 0 0 0 0 0 0
  0 0 0 1 2 2 2 1 2 2 2 2 2 2 1 2 2 2 2 2 2 2 2 2 2 2 2 2 2 2 1 0 0 0 0 0 0 0 0 0
  0 0 0 1 2 2 2 1 2 2 2 2 2 2 1 2 2 2 2 2 2 2 2 2 2 2 2 2 2 1 0 0 0 0 0 0 0 0 0 0
  0 0 0 1 2 2 2 2 2 2 2 2 2 2 2 2 2 2 2 2 2 2 2 2 2 2 2 2 2 1 0 0 0 0 0 0 0 0 0 0
  0 0 0 1 2 2 2 2 4 4 4 4 4 4 4 2 2 2 2 2 2 2 2 1 2 2 2 2 1 0 0 0 0 0 0 0 0 0 0 0
  0 0 0 1 1 2 4 4 4 4 4 4 4 4 4 4 4 4 2 2 2 2 2 2 1 2 2 2 1 0 0 0 0 0 0 0 0 0 0 0
  0 0 0 0 1 3 3 4 4 4 4 4 4 4 4 4 4 4 4 1 2 2 2 2 1 1 2 1 0 0 0 0 0 0 0 0 0 0 0 0
  0 0 0 0 0 1 3 3 3 4 4 4 4 4 4 4 4 4 4 1 2 2 2 2 2 1 1 0 0 0 0 0 0 0 0 0 0 0 0 0
  0 0 0 0 0 0 1 1 3 3 3 4 4 4 4 4 4 3 3 3 1 2 2 2 2 2 1 1 0 0 0 0 0 0 0 0 0 0 0 0
  0 0 0 0 0 0 0 0 1 3 3 3 3 3 3 3 3 3 3 3 1 1 2 2 2 2 2 2 1 0 0 0 0 0 0 0 0 0 0 0
  0 0 0 0 0 0 0 0 0 1 1 1 1 1 1 1 1 1 1 1 0 0 1 1 1 1 1 1 1 0 0 0 0 0 0 0 0 0 0 0
  0 0 0 0 0 0 0 0 0 0 0 0 0 0 0 0 0 0 0 0 0 0 0 0 0 0 0 0 0 0 0 0 0 0 0 0 0 0 0 0
  0 0 0 0 0 0 0 0 0 0 0 0 0 0 0 0 0 0 0 0 0 0 0 0 0 0 0 0 0 0 0 0 0 0 0 0 0 0 0 0
]

SPOUT_3 (40x25)
[
  0 0 0 0 0 0 0 0 0 0 0 0 0 0 0 0 0 0 0 0 0 0 0 0 0 0 0 0 0 0 0 0 0 0 0 0 0 0 0 0
  0 0 0 0 0 0 0 0 0 0 0 0 0 0 0 0 0 0 0 0 0 0 0 0 0 0 0 0 0 0 0 0 0 0 0 0 0 0 0 0
  0 0 0 0 0 0 0 0 0 0 0 3 0 0 0 0 0 0 0 0 0 0 0 0 1 0 0 0 0 0 0 0 0 0 0 0 0 0 0 0
  0 0 0 0 0 0 0 0 0 3 3 3 3 3 0 0 0 0 0 0 0 0 0 1 2 1 0 0 0 0 0 0 0 1 0 0 0 0 0 0
  0 0 0 0 0 0 0 3 3 3 3 3 3 3 3 3 0 0 0 0 0 0 0 1 2 2 1 0 0 0 0 0 1 2 1 0 0 0 0 0
  0 0 0 0 0 0 0 0 0 0 3 3 3 0 0 0 0 0 0 0 0 0 0 1 2 2 2 1 0 0 1 1 2 2 1 0 0 0 0 0
  0 0 0 0 0 0 0 0 0 0 0 3 0 0 0 0 0 0 0 0 0 0 0 1 2 2 2 2 1 1 2 2 2 2 1 0 0 0 0 0
  0 0 0 0 0 0 0 1 1 1 1 1 1 1 1 1 0 0 0 0 0 0 0 0 1 2 2 2 2 2 2 2 2 1 0 0 0 0 0 0
  0 0 0 0 0 0 1 2 2 2 2 2 2 2 2 2 1 1 0 0 0 0 0 0 0 1 2 2 2 2 2 2 2 1 0 0 0 0 0 0
  0 0 0 0 0 1 2 2 2 2 2 2 2 2 2 2 2 2 1 1 0 0 0 0 0 1 2 2 2 2 2 1 1 0 0 0 0 0 0 0
  0 0 0 0 1 2 2 2 2 2 2 2 2 2 2 2 2 2 2 2 1 1 0 0 0 0 1 2 2 2 1 0 0 0 0 0 0 0 0 0
  0 0 0 1 1 2 2 2 2 2 2 2 2 2 2 2 2 2 2 2 2 2 1 0 0 1 2 2 2 2 1 0 0 0 0 0 0 0 0 0
  0 0 0 1 2 2 2 2 2 2 2 2 2 2 2 2 2 2 2 2 2 2 2 1 1 2 2 2 2 2 1 0 0 0 0 0 0 0 0 0
  0 0 0 1 2 2 2 1 2 2 2 2 2 2 1 2 2 2 2 2 2 2 2 2 2 2 2 2 2 2 1 0 0 0 0 0 0 0 0 0
  0 0 0 1 2 2 2 1 2 2 2 2 2 2 1 2 2 2 2 2 2 2 2 2 2 2 2 2 2 1 0 0 0 0 0 0 0 0 0 0
  0 0 0 1 2 2 2 2 2 2 2 2 2 2 2 2 2 2 2 2 2 2 2 2 2 2 2 2 2 1 0 0 0 0 0 0 0 0 0 0
  0 0 0 1 2 2 2 2 4 4 4 4 4 4 4 2 2 2 2 2 2 2 2 1 2 2 2 2 1 0 0 0 0 0 0 0 0 0 0 0
  0 0 0 1 1 2 4 4 4 4 4 4 4 4 4 4 4 4 2 2 2 2 2 2 1 2 2 2 1 0 0 0 0 0 0 0 0 0 0 0
  0 0 0 0 1 3 3 4 4 4 4 4 4 4 4 4 4 4 4 1 2 2 2 2 1 1 2 1 0 0 0 0 0 0 0 0 0 0 0 0
  0 0 0 0 0 1 3 3 3 4 4 4 4 4 4 4 4 4 4 1 2 2 2 2 2 1 1 0 0 0 0 0 0 0 0 0 0 0 0 0
  0 0 0 0 0 0 1 1 3 3 3 4 4 4 4 4 4 3 3 3 1 2 2 2 2 2 1 1 0 0 0 0 0 0 0 0 0 0 0 0
  0 0 0 0 0 0 0 0 1 3 3 3 3 3 3 3 3 3 3 3 1 1 2 2 2 2 2 2 1 0 0 0 0 0 0 0 0 0 0 0
  0 0 0 0 0 0 0 0 0 1 1 1 1 1 1 1 1 1 1 1 0 0 1 1 1 1 1 1 1 0 0 0 0 0 0 0 0 0 0 0
  0 0 0 0 0 0 0 0 0 0 0 0 0 0 0 0 0 0 0 0 0 0 0 0 0 0 0 0 0 0 0 0 0 0 0 0 0 0 0 0
  0 0 0 0 0 0 0 0 0 0 0 0 0 0 0 0 0 0 0 0 0 0 0 0 0 0 0 0 0 0 0 0 0 0 0 0 0 0 0 0
]

SPOUT_4 (40x25)
[
  0 0 0 0 0 0 0 0 0 0 0 0 0 0 0 0 0 0 0 0 0 0 0 0 0 0 0 0 0 0 0 0 0 0 0 0 0 0 0 0
  0 0 0 0 0 0 0 0 0 0 0 3 0 0 0 0 0 0 0 0 0 0 0 0 0 0 0 0 0 0 0 0 0 0 0 0 0 0 0 0
  0 0 0 0 0 0 0 0 3 3 3 3 3 3 3 0 0 0 0 0 0 0 0 0 1 0 0 0 0 0 0 0 0 0 0 0 0 0 0 0
  0 0 0 0 0 0 3 3 3 3 3 3 3 3 3 3 3 0 0 0 0 0 0 1 2 1 0 0 0 0 0 0 0 1 0 0 0 0 0 0
  0 0 0 0 0 0 3 0 0 0 3 3 3 0 0 0 3 0 0 0 0 0 0 1 2 2 1 0 0 0 0 0 1 2 1 0 0 0 0 0
  0 0 0 0 0 0 0 0 0 0 0 3 0 0 0 0 0 0 0 0 0 0 0 1 2 2 2 1 0 0 1 1 2 2 1 0 0 0 0 0
  0 0 0 0 0 0 0 0 0 0 0 0 0 0 0 0 0 0 0 0 0 0 0 1 2 2 2 2 1 1 2 2 2 2 1 0 0 0 0 0
  0 0 0 0 0 0 0 1 1 1 1 1 1 1 1 1 0 0 0 0 0 0 0 0 1 2 2 2 2 2 2 2 2 1 0 0 0 0 0 0
  0 0 0 0 0 0 1 2 2 2 2 2 2 2 2 2 1 1 0 0 0 0 0 0 0 1 2 2 2 2 2 2 2 1 0 0 0 0 0 0
  0 0 0 0 0 1 2 2 2 2 2 2 2 2 2 2 2 2 1 1 0 0 0 0 0 1 2 2 2 2 2 1 1 0 0 0 0 0 0 0
  0 0 0 0 1 2 2 2 2 2 2 2 2 2 2 2 2 2 2 2 1 1 0 0 0 0 1 2 2 2 1 0 0 0 0 0 0 0 0 0
  0 0 0 1 1 2 2 2 2 2 2 2 2 2 2 2 2 2 2 2 2 2 1 0 0 1 2 2 2 2 1 0 0 0 0 0 0 0 0 0
  0 0 0 1 2 2 2 2 2 2 2 2 2 2 2 2 2 2 2 2 2 2 2 1 1 2 2 2 2 2 1 0 0 0 0 0 0 0 0 0
  0 0 0 1 2 2 2 1 2 2 2 2 2 2 1 2 2 2 2 2 2 2 2 2 2 2 2 2 2 2 1 0 0 0 0 0 0 0 0 0
  0 0 0 1 2 2 2 1 2 2 2 2 2 2 1 2 2 2 2 2 2 2 2 2 2 2 2 2 2 1 0 0 0 0 0 0 0 0 0 0
  0 0 0 1 2 2 2 2 2 2 2 2 2 2 2 2 2 2 2 2 2 2 2 2 2 2 2 2 2 1 0 0 0 0 0 0 0 0 0 0
  0 0 0 1 2 2 2 2 4 4 4 4 4 4 4 2 2 2 2 2 2 2 2 1 2 2 2 2 1 0 0 0 0 0 0 0 0 0 0 0
  0 0 0 1 1 2 4 4 4 4 4 4 4 4 4 4 4 4 2 2 2 2 2 2 1 2 2 2 1 0 0 0 0 0 0 0 0 0 0 0
  0 0 0 0 1 3 3 4 4 4 4 4 4 4 4 4 4 4 4 1 2 2 2 2 1 1 2 1 0 0 0 0 0 0 0 0 0 0 0 0
  0 0 0 0 0 1 3 3 3 4 4 4 4 4 4 4 4 4 4 1 2 2 2 2 2 1 1 0 0 0 0 0 0 0 0 0 0 0 0 0
  0 0 0 0 0 0 1 1 3 3 3 4 4 4 4 4 4 3 3 3 1 2 2 2 2 2 1 1 0 0 0 0 0 0 0 0 0 0 0 0
  0 0 0 0 0 0 0 0 1 3 3 3 3 3 3 3 3 3 3 3 1 1 2 2 2 2 2 2 1 0 0 0 0 0 0 0 0 0 0 0
  0 0 0 0 0 0 0 0 0 1 1 1 1 1 1 1 1 1 1 1 0 0 1 1 1 1 1 1 1 0 0 0 0 0 0 0 0 0 0 0
  0 0 0 0 0 0 0 0 0 0 0 0 0 0 0 0 0 0 0 0 0 0 0 0 0 0 0 0 0 0 0 0 0 0 0 0 0 0 0 0
  0 0 0 0 0 0 0 0 0 0 0 0 0 0 0 0 0 0 0 0 0 0 0 0 0 0 0 0 0 0 0 0 0 0 0 0 0 0 0 0
]

SPOUT_5 (40x25)
[
  0 0 0 0 0 0 0 0 0 0 0 0 0 0 0 0 0 0 0 0 0 0 0 0 0 0 0 0 0 0 0 0 0 0 0 0 0 0 0 0
  0 0 0 0 0 0 0 3 3 0 0 3 0 0 3 3 0 0 0 0 0 0 0 0 0 0 0 0 0 0 0 0 0 0 0 0 0 0 0 0
  0 0 0 0 0 0 3 3 3 3 0 3 0 3 3 3 3 0 0 0 0 0 0 0 1 0 0 0 0 0 0 0 0 0 0 0 0 0 0 0
  0 0 0 0 0 3 0 0 0 0 3 3 3 0 0 0 0 3 0 0 0 0 0 1 2 1 0 0 0 0 0 0 0 1 0 0 0 0 0 0
  0 0 0 0 3 0 0 0 0 0 0 3 0 0 0 0 0 0 3 0 0 0 0 1 2 2 1 0 0 0 0 0 1 2 1 0 0 0 0 0
  0 0 0 0 0 0 0 0 0 0 0 0 0 0 0 0 0 0 0 0 0 0 0 1 2 2 2 1 0 0 1 1 2 2 1 0 0 0 0 0
  0 0 0 0 0 0 0 0 0 0 0 0 0 0 0 0 0 0 0 0 0 0 0 1 2 2 2 2 1 1 2 2 2 2 1 0 0 0 0 0
  0 0 0 0 0 0 0 1 1 1 1 1 1 1 1 1 0 0 0 0 0 0 0 0 1 2 2 2 2 2 2 2 2 1 0 0 0 0 0 0
  0 0 0 0 0 0 1 2 2 2 2 2 2 2 2 2 1 1 0 0 0 0 0 0 0 1 2 2 2 2 2 2 2 1 0 0 0 0 0 0
  0 0 0 0 0 1 2 2 2 2 2 2 2 2 2 2 2 2 1 1 0 0 0 0 0 1 2 2 2 2 2 1 1 0 0 0 0 0 0 0
  0 0 0 0 1 2 2 2 2 2 2 2 2 2 2 2 2 2 2 2 1 1 0 0 0 0 1 2 2 2 1 0 0 0 0 0 0 0 0 0
  0 0 0 1 1 2 2 2 2 2 2 2 2 2 2 2 2 2 2 2 2 2 1 0 0 1 2 2 2 2 1 0 0 0 0 0 0 0 0 0
  0 0 0 1 2 2 2 2 2 2 2 2 2 2 2 2 2 2 2 2 2 2 2 1 1 2 2 2 2 2 1 0 0 0 0 0 0 0 0 0
  0 0 0 1 2 2 2 1 2 2 2 2 2 2 1 2 2 2 2 2 2 2 2 2 2 2 2 2 2 2 1 0 0 0 0 0 0 0 0 0
  0 0 0 1 2 2 2 1 2 2 2 2 2 2 1 2 2 2 2 2 2 2 2 2 2 2 2 2 2 1 0 0 0 0 0 0 0 0 0 0
  0 0 0 1 2 2 2 2 2 2 2 2 2 2 2 2 2 2 2 2 2 2 2 2 2 2 2 2 2 1 0 0 0 0 0 0 0 0 0 0
  0 0 0 1 2 2 2 2 4 4 4 4 4 4 4 2 2 2 2 2 2 2 2 1 2 2 2 2 1 0 0 0 0 0 0 0 0 0 0 0
  0 0 0 1 1 2 4 4 4 4 4 4 4 4 4 4 4 4 2 2 2 2 2 2 1 2 2 2 1 0 0 0 0 0 0 0 0 0 0 0
  0 0 0 0 1 3 3 4 4 4 4 4 4 4 4 4 4 4 4 1 2 2 2 2 1 1 2 1 0 0 0 0 0 0 0 0 0 0 0 0
  0 0 0 0 0 1 3 3 3 4 4 4 4 4 4 4 4 4 4 1 2 2 2 2 2 1 1 0 0 0 0 0 0 0 0 0 0 0 0 0
  0 0 0 0 0 0 1 1 3 3 3 4 4 4 4 4 4 3 3 3 1 2 2 2 2 2 1 1 0 0 0 0 0 0 0 0 0 0 0 0
  0 0 0 0 0 0 0 0 1 3 3 3 3 3 3 3 3 3 3 3 1 1 2 2 2 2 2 2 1 0 0 0 0 0 0 0 0 0 0 0
  0 0 0 0 0 0 0 0 0 1 1 1 1 1 1 1 1 1 1 1 0 0 1 1 1 1 1 1 1 0 0 0 0 0 0 0 0 0 0 0
  0 0 0 0 0 0 0 0 0 0 0 0 0 0 0 0 0 0 0 0 0 0 0 0 0 0 0 0 0 0 0 0 0 0 0 0 0 0 0 0
  0 0 0 0 0 0 0 0 0 0 0 0 0 0 0 0 0 0 0 0 0 0 0 0 0 0 0 0 0 0 0 0 0 0 0 0 0 0 0 0
]

SPOUT_6 (40x25)
[
  0 0 0 0 0 0 0 0 0 0 0 0 0 0 0 0 0 0 0 0 0 0 0 0 0 0 0 0 0 0 0 0 0 0 0 0 0 0 0 0
  0 0 0 0 0 0 3 3 0 0 0 3 0 0 0 3 3 0 0 0 0 0 0 0 0 0 0 0 0 0 0 0 0 0 0 0 0 0 0 0
  0 0 0 0 0 3 0 0 3 3 0 3 0 3 3 0 0 3 0 0 0 0 0 0 1 0 0 0 0 0 0 0 0 0 0 0 0 0 0 0
  0 0 0 0 3 0 0 0 0 0 3 3 3 0 0 0 0 0 3 0 0 0 0 1 2 1 0 0 0 0 0 0 0 1 0 0 0 0 0 0
  0 0 0 3 0 0 0 0 0 0 0 3 0 0 0 0 0 0 0 3 0 0 0 1 2 2 1 0 0 0 0 0 1 2 1 0 0 0 0 0
  0 0 0 0 0 0 0 0 0 0 0 0 0 0 0 0 0 0 0 0 0 0 0 1 2 2 2 1 0 0 1 1 2 2 1 0 0 0 0 0
  0 0 0 0 0 0 0 0 0 0 0 0 0 0 0 0 0 0 0 0 0 0 0 1 2 2 2 2 1 1 2 2 2 2 1 0 0 0 0 0
  0 0 0 0 0 0 0 1 1 1 1 1 1 1 1 1 0 0 0 0 0 0 0 0 1 2 2 2 2 2 2 2 2 1 0 0 0 0 0 0
  0 0 0 0 0 0 1 2 2 2 2 2 2 2 2 2 1 1 0 0 0 0 0 0 0 1 2 2 2 2 2 2 2 1 0 0 0 0 0 0
  0 0 0 0 0 1 2 2 2 2 2 2 2 2 2 2 2 2 1 1 0 0 0 0 0 1 2 2 2 2 2 1 1 0 0 0 0 0 0 0
  0 0 0 0 1 2 2 2 2 2 2 2 2 2 2 2 2 2 2 2 1 1 0 0 0 0 1 2 2 2 1 0 0 0 0 0 0 0 0 0
  0 0 0 1 1 2 2 2 2 2 2 2 2 2 2 2 2 2 2 2 2 2 1 0 0 1 2 2 2 2 1 0 0 0 0 0 0 0 0 0
  0 0 0 1 2 2 2 2 2 2 2 2 2 2 2 2 2 2 2 2 2 2 2 1 1 2 2 2 2 2 1 0 0 0 0 0 0 0 0 0
  0 0 0 1 2 2 2 1 2 2 2 2 2 2 1 2 2 2 2 2 2 2 2 2 2 2 2 2 2 2 1 0 0 0 0 0 0 0 0 0
  0 0 0 1 2 2 2 1 2 2 2 2 2 2 1 2 2 2 2 2 2 2 2 2 2 2 2 2 2 1 0 0 0 0 0 0 0 0 0 0
  0 0 0 1 2 2 2 2 2 2 2 2 2 2 2 2 2 2 2 2 2 2 2 2 2 2 2 2 2 1 0 0 0 0 0 0 0 0 0 0
  0 0 0 1 2 2 2 2 4 4 4 4 4 4 4 2 2 2 2 2 2 2 2 1 2 2 2 2 1 0 0 0 0 0 0 0 0 0 0 0
  0 0 0 1 1 2 4 4 4 4 4 4 4 4 4 4 4 4 2 2 2 2 2 2 1 2 2 2 1 0 0 0 0 0 0 0 0 0 0 0
  0 0 0 0 1 3 3 4 4 4 4 4 4 4 4 4 4 4 4 1 2 2 2 2 1 1 2 1 0 0 0 0 0 0 0 0 0 0 0 0
  0 0 0 0 0 1 3 3 3 4 4 4 4 4 4 4 4 4 4 1 2 2 2 2 2 1 1 0 0 0 0 0 0 0 0 0 0 0 0 0
  0 0 0 0 0 0 1 1 3 3 3 4 4 4 4 4 4 3 3 3 1 2 2 2 2 2 1 1 0 0 0 0 0 0 0 0 0 0 0 0
  0 0 0 0 0 0 0 0 1 3 3 3 3 3 3 3 3 3 3 3 1 1 2 2 2 2 2 2 1 0 0 0 0 0 0 0 0 0 0 0
  0 0 0 0 0 0 0 0 0 1 1 1 1 1 1 1 1 1 1 1 0 0 1 1 1 1 1 1 1 0 0 0 0 0 0 0 0 0 0 0
  0 0 0 0 0 0 0 0 0 0 0 0 0 0 0 0 0 0 0 0 0 0 0 0 0 0 0 0 0 0 0 0 0 0 0 0 0 0 0 0
  0 0 0 0 0 0 0 0 0 0 0 0 0 0 0 0 0 0 0 0 0 0 0 0 0 0 0 0 0 0 0 0 0 0 0 0 0 0 0 0
]

TAIL_1 (40x25)
[
  0 0 0 0 0 0 0 0 0 0 0 0 0 0 0 0 0 0 0 0 0 0 0 0 0 0 0 0 0 0 0 0 0 0 0 0 0 0 0 0
  0 0 0 0 0 0 0 0 0 0 0 0 0 0 0 0 0 0 0 0 0 0 0 0 0 0 0 0 0 0 0 0 0 0 0 0 0 0 0 0
  0 0 0 0 0 0 0 0 0 0 0 0 0 0 0 0 0 0 0 0 0 0 0 0 0 1 0 0 0 0 0 0 0 0 0 0 0 0 0 0
  0 0 0 0 0 0 0 0 0 0 0 0 0 0 0 0 0 0 0 0 0 0 0 0 1 2 1 0 0 0 0 0 0 0 1 0 0 0 0 0
  0 0 0 0 0 0 0 0 0 0 0 0 0 0 0 0 0 0 0 0 0 0 0 0 1 2 2 1 0 0 0 0 0 1 2 1 0 0 0 0
  0 0 0 0 0 0 0 0 0 0 0 0 0 0 0 0 0 0 0 0 0 0 0 0 1 2 2 2 1 0 0 1 1 2 2 1 0 0 0 0
  0 0 0 0 0 0 0 0 0 0 0 0 0 0 0 0 0 0 0 0 0 0 0 0 0 1 2 2 2 1 1 2 2 2 2 1 0 0 0 0
  0 0 0 0 0 0 0 1 1 1 1 1 1 1 1 1 0 0 0 0 0 0 0 0 0 1 2 2 2 2 2 2 2 2 1 0 0 0 0 0
  0 0 0 0 0 0 1 2 2 2 2 2 2 2 2 2 1 1 0 0 0 0 0 0 0 0 1 2 2 2 2 2 2 2 1 0 0 0 0 0
  0 0 0 0 0 1 2 2 2 2 2 2 2 2 2 2 2 2 1 1 0 0 0 0 0 0 1 2 2 2 2 2 1 1 0 0 0 0 0 0
  0 0 0 0 1 2 2 2 2 2 2 2 2 2 2 2 2 2 2 2 1 1 0 0 0 0 0 1 2 2 2 1 0 0 0 0 0 0 0 0
  0 0 0 1 1 2 2 2 2 2 2 2 2 2 2 2 2 2 2 2 2 2 1 0 0 0 1 2 2 2 2 1 0 0 0 0 0 0 0 0
  0 0 0 1 2 2 2 2 2 2 2 2 2 2 2 2 2 2 2 2 2 2 2 1 1 1 2 2 2 2 2 1 0 0 0 0 0 0 0 0
  0 0 0 1 2 2 2 1 2 2 2 2 2 2 1 2 2 2 2 2 2 2 2 2 2 2 2 2 2 2 1 0 0 0 0 0 0 0 0 0
  0 0 0 1 2 2 2 1 2 2 2 2 2 2 1 2 2 2 2 2 2 2 2 2 2 2 2 2 2 2 1 0 0 0 0 0 0 0 0 0
  0 0 0 1 2 2 2 2 2 2 2 2 2 2 2 2 2 2 2 2 2 2 2 2 2 2 2 2 2 1 0 0 0 0 0 0 0 0 0 0
  0 0 0 1 2 2 2 2 4 4 4 4 4 4 4 2 2 2 2 2 2 2 2 1 2 2 2 2 2 1 0 0 0 0 0 0 0 0 0 0
  0 0 0 1 1 2 4 4 4 4 4 4 4 4 4 4 4 4 2 2 2 2 2 2 1 2 2 2 1 0 0 0 0 0 0 0 0 0 0 0
  0 0 0 0 1 3 3 4 4 4 4 4 4 4 4 4 4 4 4 1 2 2 2 2 1 1 2 1 0 0 0 0 0 0 0 0 0 0 0 0
  0 0 0 0 0 1 3 3 3 4 4 4 4 4 4 4 4 4 4 1 2 2 2 2 2 1 1 0 0 0 0 0 0 0 0 0 0 0 0 0
  0 0 0 0 0 0 1 1 3 3 3 4 4 4 4 4 4 3 3 3 1 2 2 2 2 2 1 1 0 0 0 0 0 0 0 0 0 0 0 0
  0 0 0 0 0 0 0 0 1 3 3 3 3 3 3 3 3 3 3 3 1 1 2 2 2 2 2 2 1 0 0 0 0 0 0 0 0 0 0 0
  0 0 0 0 0 0 0 0 0 1 1 1 1 1 1 1 1 1 1 1 0 0 1 1 1 1 1 1 1 0 0 0 0 0 0 0 0 0 0 0
  0 0 0 0 0 0 0 0 0 0 0 0 0 0 0 0 0 0 0 0 0 0 0 0 0 0 0 0 0 0 0 0 0 0 0 0 0 0 0 0
  0 0 0 0 0 0 0 0 0 0 0 0 0 0 0 0 0 0 0 0 0 0 0 0 0 0 0 0 0 0 0 0 0 0 0 0 0 0 0 0
]

TAIL_2 (40x25)
[
  0 0 0 0 0 0 0 0 0 0 0 0 0 0 0 0 0 0 0 0 0 0 0 0 0 0 0 0 0 0 0 0 0 0 0 0 0 0 0 0
  0 0 0 0 0 0 0 0 0 0 0 0 0 0 0 0 0 0 0 0 0 0 0 0 0 0 0 0 0 0 0 0 0 0 0 0 0 0 0 0
  0 0 0 0 0 0 0 0 0 0 0 0 0 0 0 0 0 0 0 0 0 0 0 0 0 0 1 0 0 0 0 0 0 0 0 0 0 0 0 0
  0 0 0 0 0 0 0 0 0 0 0 0 0 0 0 0 0 0 0 0 0 0 0 0 0 1 2 1 0 0 0 0 0 0 0 0 1 1 0 0
  0 0 0 0 0 0 0 0 0 0 0 0 0 0 0 0 0 0 0 0 0 0 0 0 0 1 2 2 1 0 0 0 0 0 0 1 2 1 0 0
  0 0 0 0 0 0 0 0 0 0 0 0 0 0 0 0 0 0 0 0 0 0 0 0 0 1 2 2 2 1 0 0 0 0 1 2 2 1 0 0
  0 0 0 0 0 0 0 0 0 0 0 0 0 0 0 0 0 0 0 0 0 0 0 0 0 0 1 2 2 2 1 0 1 1 2 2 1 0 0 0
  0 0 0 0 0 0 0 1 1 1 1 1 1 1 1 1 0 0 0 0 0 0 0 0 0 0 0 1 2 2 2 1 2 2 2 2 1 0 0 0
  0 0 0 0 0 0 1 2 2 2 2 2 2 2 2 2 1 1 0 0 0 0 0 0 0 0 0 1 2 2 2 2 2 2 2 1 0 0 0 0
  0 0 0 0 0 1 2 2 2 2 2 2 2 2 2 2 2 2 1 1 0 0 0 0 0 0 0 0 1 2 2 2 2 2 1 0 0 0 0 0
  0 0 0 0 1 2 2 2 2 2 2 2 2 2 2 2 2 2 2 2 1 1 0 0 0 0 0 0 1 2 2 2 2 2 1 0 0 0 0 0
  0 0 0 1 1 2 2 2 2 2 2 2 2 2 2 2 2 2 2 2 2 2 1 0 0 1 1 1 2 2 2 2 1 1 0 0 0 0 0 0
  0 0 0 1 2 2 2 2 2 2 2 2 2 2 2 2 2 2 2 2 2 2 2 1 1 2 2 2 2 2 2 2 1 0 0 0 0 0 0 0
  0 0 0 1 2 2 2 1 2 2 2 2 2 2 1 2 2 2 2 2 2 2 2 2 2 2 2 2 2 2 2 1 0 0 0 0 0 0 0 0
  0 0 0 1 2 2 2 1 2 2 2 2 2 2 1 2 2 2 2 2 2 2 2 2 2 2 2 2 2 2 1 0 0 0 0 0 0 0 0 0
  0 0 0 1 2 2 2 2 2 2 2 2 2 2 2 2 2 2 2 2 2 2 2 2 2 2 2 2 2 2 1 0 0 0 0 0 0 0 0 0
  0 0 0 1 2 2 2 2 4 4 4 4 4 4 4 2 2 2 2 2 2 2 2 1 2 2 2 2 2 1 0 0 0 0 0 0 0 0 0 0
  0 0 0 1 1 2 4 4 4 4 4 4 4 4 4 4 4 4 2 2 2 2 2 2 1 2 2 2 1 0 0 0 0 0 0 0 0 0 0 0
  0 0 0 0 1 3 3 4 4 4 4 4 4 4 4 4 4 4 4 1 2 2 2 2 1 1 2 1 0 0 0 0 0 0 0 0 0 0 0 0
  0 0 0 0 0 1 3 3 3 4 4 4 4 4 4 4 4 4 4 1 2 2 2 2 2 1 1 0 0 0 0 0 0 0 0 0 0 0 0 0
  0 0 0 0 0 0 1 1 3 3 3 4 4 4 4 4 4 3 3 3 1 2 2 2 2 2 1 1 0 0 0 0 0 0 0 0 0 0 0 0
  0 0 0 0 0 0 0 0 1 3 3 3 3 3 3 3 3 3 3 3 1 1 2 2 2 2 2 2 1 0 0 0 0 0 0 0 0 0 0 0
  0 0 0 0 0 0 0 0 0 1 1 1 1 1 1 1 1 1 1 1 0 0 1 1 1 1 1 1 1 0 0 0 0 0 0 0 0 0 0 0
  0 0 0 0 0 0 0 0 0 0 0 0 0 0 0 0 0 0 0 0 0 0 0 0 0 0 0 0 0 0 0 0 0 0 0 0 0 0 0 0
  0 0 0 0 0 0 0 0 0 0 0 0 0 0 0 0 0 0 0 0 0 0 0 0 0 0 0 0 0 0 0 0 0 0 0 0 0 0 0 0
]

TAIL_3 (40x25)
[
  0 0 0 0 0 0 0 0 0 0 0 0 0 0 0 0 0 0 0 0 0 0 0 0 0 0 0 0 0 0 0 0 0 0 0 0 0 0 0 0
  0 0 0 0 0 0 0 0 0 0 0 0 0 0 0 0 0 0 0 0 0 0 0 0 0 0 0 0 0 0 0 0 0 0 0 0 0 0 0 0
  0 0 0 0 0 0 0 0 0 0 0 0 0 0 0 0 0 0 0 0 0 0 0 0 0 0 0 0 0 0 0 0 0 0 0 0 0 0 0 0
  0 0 0 0 0 0 0 0 0 0 0 0 0 0 0 0 0 0 0 0 0 0 0 0 0 0 0 0 0 1 0 0 0 0 0 0 0 0 0 0
  0 0 0 0 0 0 0 0 0 0 0 0 0 0 0 0 0 0 0 0 0 0 0 0 0 0 0 0 1 2 1 0 0 0 0 0 0 0 0 0
  0 0 0 0 0 0 0 0 0 0 0 0 0 0 0 0 0 0 0 0 0 0 0 0 0 0 0 0 1 2 1 0 0 0 0 0 0 0 0 0
  0 0 0 0 0 0 0 0 0 0 0 0 0 0 0 0 0 0 0 0 0 0 0 0 0 0 0 1 2 2 1 0 0 0 0 0 1 1 0 0
  0 0 0 0 0 0 0 1 1 1 1 1 1 1 1 1 0 0 0 0 0 0 0 0 0 0 0 1 2 2 2 1 0 0 0 1 2 2 1 0
  0 0 0 0 0 0 1 2 2 2 2 2 2 2 2 2 1 1 0 0 0 0 0 0 0 0 0 1 2 2 2 1 0 1 1 2 2 1 0 0
  0 0 0 0 0 1 2 2 2 2 2 2 2 2 2 2 2 2 1 1 0 0 0 0 0 0 0 1 2 2 2 2 1 2 2 2 2 1 0 0
  0 0 0 0 1 2 2 2 2 2 2 2 2 2 2 2 2 2 2 2 1 1 0 0 0 0 0 0 1 2 2 2 2 2 2 2 1 0 0 0
  0 0 0 1 1 2 2 2 2 2 2 2 2 2 2 2 2 2 2 2 2 2 1 0 0 0 1 1 2 2 2 2 2 2 2 1 0 0 0 0
  0 0 0 1 2 2 2 2 2 2 2 2 2 2 2 2 2 2 2 2 2 2 2 1 1 1 2 2 2 2 2 2 2 2 1 0 0 0 0 0
  0 0 0 1 2 2 2 1 2 2 2 2 2 2 1 2 2 2 2 2 2 2 2 2 2 2 2 2 2 2 2 2 1 1 0 0 0 0 0 0
  0 0 0 1 2 2 2 1 2 2 2 2 2 2 1 2 2 2 2 2 2 2 2 2 2 2 2 2 2 2 2 1 0 0 0 0 0 0 0 0
  0 0 0 1 2 2 2 2 2 2 2 2 2 2 2 2 2 2 2 2 2 2 2 2 2 2 2 2 2 2 2 1 0 0 0 0 0 0 0 0
  0 0 0 1 2 2 2 2 4 4 4 4 4 4 4 2 2 2 2 2 2 2 2 1 2 2 2 2 2 2 1 0 0 0 0 0 0 0 0 0
  0 0 0 1 1 2 4 4 4 4 4 4 4 4 4 4 4 4 2 2 2 2 2 2 1 2 2 2 1 1 0 0 0 0 0 0 0 0 0 0
  0 0 0 0 1 3 3 4 4 4 4 4 4 4 4 4 4 4 4 1 2 2 2 2 1 1 2 1 1 0 0 0 0 0 0 0 0 0 0 0
  0 0 0 0 0 1 3 3 3 4 4 4 4 4 4 4 4 4 4 1 2 2 2 2 2 1 1 0 0 0 0 0 0 0 0 0 0 0 0 0
  0 0 0 0 0 0 1 1 3 3 3 4 4 4 4 4 4 3 3 3 1 2 2 2 2 2 1 1 0 0 0 0 0 0 0 0 0 0 0 0
  0 0 0 0 0 0 0 0 1 3 3 3 3 3 3 3 3 3 3 3 1 1 2 2 2 2 2 2 1 0 0 0 0 0 0 0 0 0 0 0
  0 0 0 0 0 0 0 0 0 1 1 1 1 1 1 1 1 1 1 1 0 0 1 1 1 1 1 1 1 0 0 0 0 0 0 0 0 0 0 0
  0 0 0 0 0 0 0 0 0 0 0 0 0 0 0 0 0 0 0 0 0 0 0 0 0 0 0 0 0 0 0 0 0 0 0 0 0 0 0 0
  0 0 0 0 0 0 0 0 0 0 0 0 0 0 0 0 0 0 0 0 0 0 0 0 0 0 0 0 0 0 0 0 0 0 0 0 0 0 0 0
]

HEART_1 (40x25)
[
  0 0 0 0 0 0 0 0 0 0 0 0 0 0 0 0 0 0 0 0 0 0 0 0 0 0 0 0 0 0 0 0 0 0 0 0 0 0 0 0
  0 0 0 0 0 0 0 0 0 0 0 0 0 0 0 0 0 0 0 0 0 0 0 0 0 0 0 0 0 0 0 0 0 0 0 0 0 0 0 0
  0 0 0 0 0 0 0 0 0 0 0 0 0 0 0 0 0 0 0 0 0 0 0 0 1 0 0 0 0 0 0 0 0 0 0 0 0 0 0 0
  0 0 0 5 0 5 0 0 0 0 0 0 0 0 0 0 0 0 0 0 0 0 0 1 2 1 0 0 0 0 0 0 0 1 0 0 0 0 0 0
  0 0 0 5 5 5 0 0 0 0 0 0 0 0 0 0 0 0 0 0 0 0 0 1 2 2 1 0 0 0 0 0 1 2 1 0 0 0 0 0
  0 0 0 0 5 0 0 0 0 0 0 0 0 0 0 0 0 0 0 0 0 0 0 1 2 2 2 1 0 0 1 1 2 2 1 0 0 0 0 0
  0 0 0 0 0 0 0 0 0 0 0 0 0 0 0 0 0 0 0 0 0 0 0 1 2 2 2 2 1 1 2 2 2 2 1 0 0 0 0 0
  0 0 0 0 0 0 0 1 1 1 1 1 1 1 1 1 0 0 0 0 0 0 0 0 1 2 2 2 2 2 2 2 2 1 0 0 0 0 0 0
  0 0 0 0 0 0 1 2 2 2 2 2 2 2 2 2 1 1 0 0 0 0 0 0 0 1 2 2 2 2 2 2 2 1 0 0 0 0 0 0
  0 0 0 0 0 1 2 2 2 2 2 2 2 2 2 2 2 2 1 1 0 0 0 0 0 1 2 2 2 2 2 1 1 0 0 0 0 0 0 0
  0 0 0 0 1 2 2 2 2 2 2 2 2 2 2 2 2 2 2 2 1 1 0 0 0 0 1 2 2 2 1 0 0 0 0 0 0 0 0 0
  0 0 0 1 1 2 2 2 2 2 2 2 2 2 2 2 2 2 2 2 2 2 1 0 0 1 2 2 2 2 1 0 0 0 0 0 0 0 0 0
  0 0 0 1 2 2 2 2 2 2 2 2 2 2 2 2 2 2 2 2 2 2 2 1 1 2 2 2 2 2 1 0 0 0 0 0 0 0 0 0
  0 0 0 1 2 2 2 1 2 2 2 2 2 2 1 2 2 2 2 2 2 2 2 2 2 2 2 2 2 2 1 0 0 0 0 0 0 0 0 0
  0 0 0 1 2 2 2 1 2 2 2 2 2 2 1 2 2 2 2 2 2 2 2 2 2 2 2 2 2 1 0 0 0 0 0 0 0 0 0 0
  0 0 0 1 2 2 2 2 2 2 2 2 2 2 2 2 2 2 2 2 2 2 2 2 2 2 2 2 2 1 0 0 0 0 0 0 0 0 0 0
  0 0 0 1 2 2 2 2 4 4 4 4 4 4 4 2 2 2 2 2 2 2 2 1 2 2 2 2 1 0 0 0 0 0 0 0 0 0 0 0
  0 0 0 1 1 2 4 4 4 4 4 4 4 4 4 4 4 4 2 2 2 2 2 2 1 2 2 2 1 0 0 0 0 0 0 0 0 0 0 0
  0 0 0 0 1 3 3 4 4 4 4 4 4 4 4 4 4 4 4 1 2 2 2 2 1 1 2 1 0 0 0 0 0 0 0 0 0 0 0 0
  0 0 0 0 0 1 3 3 3 4 4 4 4 4 4 4 4 4 4 1 2 2 2 2 2 1 1 0 0 0 0 0 0 0 0 0 0 0 0 0
  0 0 0 0 0 0 1 1 3 3 3 4 4 4 4 4 4 3 3 3 1 2 2 2 2 2 1 1 0 0 0 0 0 0 0 0 0 0 0 0
  0 0 0 0 0 0 0 0 1 3 3 3 3 3 3 3 3 3 3 3 1 1 2 2 2 2 2 2 1 0 0 0 0 0 0 0 0 0 0 0
  0 0 0 0 0 0 0 0 0 1 1 1 1 1 1 1 1 1 1 1 0 0 1 1 1 1 1 1 1 0 0 0 0 0 0 0 0 0 0 0
  0 0 0 0 0 0 0 0 0 0 0 0 0 0 0 0 0 0 0 0 0 0 0 0 0 0 0 0 0 0 0 0 0 0 0 0 0 0 0 0
  0 0 0 0 0 0 0 0 0 0 0 0 0 0 0 0 0 0 0 0 0 0 0 0 0 0 0 0 0 0 0 0 0 0 0 0 0 0 0 0
]

HEART_2 (40x25)
[
  0 0 0 0 0 0 0 0 0 0 0 0 0 0 0 0 0 0 0 0 0 0 0 0 0 0 0 0 0 0 0 0 0 0 0 0 0 0 0 0
  0 0 0 0 0 0 0 0 0 0 0 0 0 0 0 0 0 0 0 0 0 0 0 0 0 0 0 0 0 0 0 0 0 0 0 0 0 0 0 0
  0 0 0 5 0 5 0 0 0 0 0 0 0 0 0 0 0 0 0 0 0 0 0 0 1 0 0 0 0 0 0 0 0 0 0 0 0 0 0 0
  0 0 5 5 5 5 5 0 0 0 0 0 0 0 0 0 0 0 0 0 0 0 0 1 2 1 0 0 0 0 0 0 0 1 0 0 0 0 0 0
  0 0 5 5 5 5 5 0 0 0 0 0 0 0 0 0 0 0 0 0 0 0 0 1 2 2 1 0 0 0 0 0 1 2 1 0 0 0 0 0
  0 0 0 5 5 5 0 0 0 0 0 0 0 0 0 0 0 0 0 0 0 0 0 1 2 2 2 1 0 0 1 1 2 2 1 0 0 0 0 0
  0 0 0 0 5 0 0 0 0 0 0 0 0 0 0 0 0 0 0 0 0 0 0 1 2 2 2 2 1 1 2 2 2 2 1 0 0 0 0 0
  0 0 0 0 0 0 0 1 1 1 1 1 1 1 1 1 0 0 0 0 0 0 0 0 1 2 2 2 2 2 2 2 2 1 0 0 0 0 0 0
  0 0 0 0 0 0 1 2 2 2 2 2 2 2 2 2 1 1 0 0 0 0 0 0 0 1 2 2 2 2 2 2 2 1 0 0 0 0 0 0
  0 0 0 0 0 1 2 2 2 2 2 2 2 2 2 2 2 2 1 1 0 0 0 0 0 1 2 2 2 2 2 1 1 0 0 0 0 0 0 0
  0 0 0 0 1 2 2 2 2 2 2 2 2 2 2 2 2 2 2 2 1 1 0 0 0 0 1 2 2 2 1 0 0 0 0 0 0 0 0 0
  0 0 0 1 1 2 2 2 2 2 2 2 2 2 2 2 2 2 2 2 2 2 1 0 0 1 2 2 2 2 1 0 0 0 0 0 0 0 0 0
  0 0 0 1 2 2 2 2 2 2 2 2 2 2 2 2 2 2 2 2 2 2 2 1 1 2 2 2 2 2 1 0 0 0 0 0 0 0 0 0
  0 0 0 1 2 2 2 1 2 2 2 2 2 2 1 2 2 2 2 2 2 2 2 2 2 2 2 2 2 2 1 0 0 0 0 0 0 0 0 0
  0 0 0 1 2 2 2 1 2 2 2 2 2 2 1 2 2 2 2 2 2 2 2 2 2 2 2 2 2 1 0 0 0 0 0 0 0 0 0 0
  0 0 0 1 2 2 2 2 2 2 2 2 2 2 2 2 2 2 2 2 2 2 2 2 2 2 2 2 2 1 0 0 0 0 0 0 0 0 0 0
  0 0 0 1 2 2 2 2 4 4 4 4 4 4 4 2 2 2 2 2 2 2 2 1 2 2 2 2 1 0 0 0 0 0 0 0 0 0 0 0
  0 0 0 1 1 2 4 4 4 4 4 4 4 4 4 4 4 4 2 2 2 2 2 2 1 2 2 2 1 0 0 0 0 0 0 0 0 0 0 0
  0 0 0 0 1 3 3 4 4 4 4 4 4 4 4 4 4 4 4 1 2 2 2 2 1 1 2 1 0 0 0 0 0 0 0 0 0 0 0 0
  0 0 0 0 0 1 3 3 3 4 4 4 4 4 4 4 4 4 4 1 2 2 2 2 2 1 1 0 0 0 0 0 0 0 0 0 0 0 0 0
  0 0 0 0 0 0 1 1 3 3 3 4 4 4 4 4 4 3 3 3 1 2 2 2 2 2 1 1 0 0 0 0 0 0 0 0 0 0 0 0
  0 0 0 0 0 0 0 0 1 3 3 3 3 3 3 3 3 3 3 3 1 1 2 2 2 2 2 2 1 0 0 0 0 0 0 0 0 0 0 0
  0 0 0 0 0 0 0 0 0 1 1 1 1 1 1 1 1 1 1 1 0 0 1 1 1 1 1 1 1 0 0 0 0 0 0 0 0 0 0 0
  0 0 0 0 0 0 0 0 0 0 0 0 0 0 0 0 0 0 0 0 0 0 0 0 0 0 0 0 0 0 0 0 0 0 0 0 0 0 0 0
  0 0 0 0 0 0 0 0 0 0 0 0 0 0 0 0 0 0 0 0 0 0 0 0 0 0 0 0 0 0 0 0 0 0 0 0 0 0 0 0
]

HEART_3 (40x25)
[
  0 0 0 0 0 0 0 0 0 0 0 0 0 0 0 0 0 0 0 0 0 0 0 0 0 0 0 0 0 0 0 0 0 0 0 0 0 0 0 0
  0 0 5 5 0 5 5 0 0 0 0 0 0 0 0 0 0 0 0 0 0 0 0 0 0 0 0 0 0 0 0 0 0 0 0 0 0 0 0 0
  0 5 5 5 5 5 5 5 0 0 0 0 0 0 0 0 0 0 0 0 0 0 0 0 1 0 0 0 0 0 0 0 0 0 0 0 0 0 0 0
  0 5 5 5 5 5 5 5 0 0 0 0 0 0 0 0 0 0 0 0 0 0 0 1 2 1 0 0 0 0 0 0 0 1 0 0 0 0 0 0
  0 0 5 5 5 5 5 0 0 0 0 0 0 0 0 0 0 0 0 0 0 0 0 1 2 2 1 0 0 0 0 0 1 2 1 0 0 0 0 0
  0 0 0 5 5 5 0 0 0 0 0 0 0 0 0 0 0 0 0 0 0 0 0 1 2 2 2 1 0 0 1 1 2 2 1 0 0 0 0 0
  0 0 0 0 5 0 0 0 0 0 0 0 0 0 0 0 0 0 0 0 0 0 0 1 2 2 2 2 1 1 2 2 2 2 1 0 0 0 0 0
  0 0 0 0 0 0 0 1 1 1 1 1 1 1 1 1 0 0 0 0 0 0 0 0 1 2 2 2 2 2 2 2 2 1 0 0 0 0 0 0
  0 0 0 0 0 0 1 2 2 2 2 2 2 2 2 2 1 1 0 0 0 0 0 0 0 1 2 2 2 2 2 2 2 1 0 0 0 0 0 0
  0 0 0 0 0 1 2 2 2 2 2 2 2 2 2 2 2 2 1 1 0 0 0 0 0 1 2 2 2 2 2 1 1 0 0 0 0 0 0 0
  0 0 0 0 1 2 2 2 2 2 2 2 2 2 2 2 2 2 2 2 1 1 0 0 0 0 1 2 2 2 1 0 0 0 0 0 0 0 0 0
  0 0 0 1 1 2 2 2 2 2 2 2 2 2 2 2 2 2 2 2 2 2 1 0 0 1 2 2 2 2 1 0 0 0 0 0 0 0 0 0
  0 0 0 1 2 2 2 2 2 2 2 2 2 2 2 2 2 2 2 2 2 2 2 1 1 2 2 2 2 2 1 0 0 0 0 0 0 0 0 0
  0 0 0 1 2 2 2 1 2 2 2 2 2 2 1 2 2 2 2 2 2 2 2 2 2 2 2 2 2 2 1 0 0 0 0 0 0 0 0 0
  0 0 0 1 2 2 2 1 2 2 2 2 2 2 1 2 2 2 2 2 2 2 2 2 2 2 2 2 2 1 0 0 0 0 0 0 0 0 0 0
  0 0 0 1 2 2 2 2 2 2 2 2 2 2 2 2 2 2 2 2 2 2 2 2 2 2 2 2 2 1 0 0 0 0 0 0 0 0 0 0
  0 0 0 1 2 2 2 2 4 4 4 4 4 4 4 2 2 2 2 2 2 2 2 1 2 2 2 2 1 0 0 0 0 0 0 0 0 0 0 0
  0 0 0 1 1 2 4 4 4 4 4 4 4 4 4 4 4 4 2 2 2 2 2 2 1 2 2 2 1 0 0 0 0 0 0 0 0 0 0 0
  0 0 0 0 1 3 3 4 4 4 4 4 4 4 4 4 4 4 4 1 2 2 2 2 1 1 2 1 0 0 0 0 0 0 0 0 0 0 0 0
  0 0 0 0 0 1 3 3 3 4 4 4 4 4 4 4 4 4 4 1 2 2 2 2 2 1 1 0 0 0 0 0 0 0 0 0 0 0 0 0
  0 0 0 0 0 0 1 1 3 3 3 4 4 4 4 4 4 3 3 3 1 2 2 2 2 2 1 1 0 0 0 0 0 0 0 0 0 0 0 0
  0 0 0 0 0 0 0 0 1 3 3 3 3 3 3 3 3 3 3 3 1 1 2 2 2 2 2 2 1 0 0 0 0 0 0 0 0 0 0 0
  0 0 0 0 0 0 0 0 0 1 1 1 1 1 1 1 1 1 1 1 0 0 1 1 1 1 1 1 1 0 0 0 0 0 0 0 0 0 0 0
  0 0 0 0 0 0 0 0 0 0 0 0 0 0 0 0 0 0 0 0 0 0 0 0 0 0 0 0 0 0 0 0 0 0 0 0 0 0 0 0
  0 0 0 0 0 0 0 0 0 0 0 0 0 0 0 0 0 0 0 0 0 0 0 0 0 0 0 0 0 0 0 0 0 0 0 0 0 0 0 0
]
